{
  "bones": [
    {
      "index": 0,
      "name": "Root",
      "parent": null,
      "world_matrix": [
        [
          0.0,
          -1.0,
          4.371138828673793e-08,
          0.0
        ],
        [
          0.0,
          -4.371138828673793e-08,
          -1.0,
          0.0
        ],
        [
          0.9999999403953552,
          0.0,
          0.0,
          0.0
        ],
        [
          0.0,
          0.0,
          0.0,
          1.0
        ]
      ],
      "space": "d3d11"
    },
    {
      "index": 1,
      "name": "Top",
      "parent": "Root",
      "world_matrix": [
        [
          0.0,
          -1.0,
          4.3711395392165286e-08,
          0.0
        ],
        [
          0.0,
          -4.3711395392165286e-08,
          -1.0,
          0.0
        ],
        [
          0.9999999403953552,
          0.0,
          0.0,
          0.0
        ],
        [
          -9.313225191043273e-10,
          0.0,
          0.0,
          1.0
        ]
      ],
      "space": "d3d11"
    },
    {
      "index": 2,
      "name": "Trans",
      "parent": "Top",
      "world_matrix": [
        [
          0.0,
          -1.0,
          4.371138828673793e-08,
          0.0
        ],
        [
          0.0,
          -4.371138828673793e-08,
          -1.0,
          0.0
        ],
        [
          0.9999999403953552,
          0.0,
          0.0,
          0.0
        ],
        [
          -9.313225191043273e-10,
          115.0,
          0.0,
          1.0
        ]
      ],
      "space": "d3d11"
    },
    {
      "index": 3,
      "name": "HARA_ROT1",
      "parent": "Trans",
      "world_matrix": [
        [
          0.0,
          -1.0,
          2.8213003133714665e-07,
          0.0
        ],
        [
          0.0,
          -2.8213003133714665e-07,
          -1.0,
          0.0
        ],
        [
          0.9999999403953552,
          0.0,
          0.0,
          0.0
        ],
        [
          2.1345911136450013e-06,
          0.0,
          0.0,
          1.0
        ]
      ],
      "space": "d3d11"
    },
    {
      "index": 4,
      "name": "Rot",
      "parent": "HARA_ROT1",
      "world_matrix": [
        [
          0.0,
          -1.0,
          4.3711395392165286e-08,
          0.0
        ],
        [
          0.0,
          -4.3711395392165286e-08,
          -1.0,
          0.0
        ],
        [
          0.9999999403953552,
          0.0,
          0.0,
          0.0
        ],
        [
          2.1345911136450013e-06,
          115.0,
          0.0,
          1.0
        ]
      ],
      "space": "d3d11"
    },
    {
      "index": 5,
      "name": "Hip",
      "parent": "Rot",
      "world_matrix": [
        [
          -8.742277657347586e-08,
          3.552713678800501e-15,
          1.0,
          0.0
        ],
        [
          0.9999999403953552,
          -3.2840555802386446e-15,
          8.742278367890322e-08,
          0.0
        ],
        [
          0.0,
          0.9999999403953552,
          0.0,
          0.0
        ],
        [
          1.1809167972387513e-06,
          99.0,
          0.0,
          1.0
        ]
      ],
      "space": "d3d11"
    },
    {
      "index": 6,
      "name": "Spine1",
      "parent": "Hip",
      "world_matrix": [
        [
          -4.371137762859689e-08,
          3.552713467042264e-15,
          1.0,
          0.0
        ],
        [
          0.9999999403953552,
          -3.3452880155121316e-15,
          4.371138118131057e-08,
          0.0
        ],
        [
          6.123233601181349e-17,
          0.9999999403953552,
          3.944304526105059e-31,
          0.0
        ],
        [
          1.1809167972387513e-06,
          115.0,
          -2.117582368135751e-22,
          1.0
        ]
      ],
      "space": "d3d11"
    },
    {
      "index": 7,
      "name": "Spine2",
      "parent": "Spine1",
      "world_matrix": [
        [
          -4.371138118131057e-08,
          3.552713467042264e-15,
          1.0,
          0.0
        ],
        [
          0.9999999403953552,
          -3.3452880155121316e-15,
          4.371138473402425e-08,
          0.0
        ],
        [
          6.123233601181349e-17,
          0.9999999403953552,
          3.944304526105059e-31,
          0.0
        ],
        [
          3.1809165648155613e-06,
          128.0,
          0.0,
          1.0
        ]
      ],
      "space": "d3d11"
    },
    {
      "index": 8,
      "name": "Neck",
      "parent": "Spine2",
      "world_matrix": [
        [
          -4.371138118131057e-08,
          3.552713467042264e-15,
          1.0,
          0.0
        ],
        [
          0.9999999403953552,
          -3.3452880155121316e-15,
          4.371138473402425e-08,
          0.0
        ],
        [
          6.123233601181349e-17,
          0.9999999403953552,
          3.944304526105059e-31,
          0.0
        ],
        [
          6.180915988807101e-06,
          151.99899291992188,
          0.0,
          1.0
        ]
      ],
      "space": "d3d11"
    },
    {
      "index": 9,
      "name": "Head",
      "parent": "Neck",
      "world_matrix": [
        [
          -4.371138118131057e-08,
          3.552713467042264e-15,
          1.0,
          0.0
        ],
        [
          0.9999999403953552,
          -3.2840555802386446e-15,
          4.371138473402425e-08,
          0.0
        ],
        [
          0.0,
          0.9999999403953552,
          0.0,
          0.0
        ],
        [
          6.180915988807101e-06,
          167.99899291992188,
          -4.5753932502818685e-29,
          1.0
        ]
      ],
      "space": "d3d11"
    },
    {
      "index": 10,
      "name": "ATH_Head_Top",
      "parent": "Head",
      "world_matrix": [
        [
          0.0,
          1.0728441424134871e-07,
          -1.0,
          0.0
        ],
        [
          -1.9106850416482314e-15,
          0.9999999403953552,
          1.0728442134677607e-07,
          0.0
        ],
        [
          0.9999999403953552,
          -3.2840557919968814e-15,
          0.0,
          0.0
        ],
        [
          1.7180915165226907e-05,
          184.65499877929688,
          0.0,
          1.0
        ]
      ],
      "space": "d3d11"
    },
    {
      "index": 11,
      "name": "Head_scale_null",
      "parent": "Head",
      "world_matrix": [
        [
          -4.371138118131057e-08,
          3.552713467042264e-15,
          1.0,
          0.0
        ],
        [
          0.9999999403953552,
          -3.2840555802386446e-15,
          4.371138473402425e-08,
          0.0
        ],
        [
          0.0,
          0.9999999403953552,
          0.0,
          0.0
        ],
        [
          6.180915988807101e-06,
          167.99899291992188,
          -4.5753932502818685e-29,
          1.0
        ]
      ],
      "space": "d3d11"
    },
    {
      "index": 12,
      "name": "R_throat",
      "parent": "Head_scale_null",
      "world_matrix": [
        [
          -1.4241241175151804e-15,
          0.9999999403953552,
          3.258016789686735e-08,
          0.0
        ],
        [
          -7.936584722756379e-10,
          -3.258016434415367e-08,
          1.0,
          0.0
        ],
        [
          0.9999999403953552,
          -3.2840557919968814e-15,
          7.936549195619591e-10,
          0.0
        ],
        [
          -3.361668586730957,
          166.0970001220703,
          -7.981029987335205,
          1.0
        ]
      ],
      "space": "d3d11"
    },
    {
      "index": 13,
      "name": "L_throat",
      "parent": "Head_scale_null",
      "world_matrix": [
        [
          3.469198797769848e-17,
          -0.9999999403953552,
          -7.936603041436285e-10,
          0.0
        ],
        [
          7.936549195619591e-10,
          7.936584167644867e-10,
          -1.0,
          0.0
        ],
        [
          0.9999998807907104,
          -3.2840555802386446e-15,
          7.936584722756379e-10,
          0.0
        ],
        [
          3.361670970916748,
          166.0970001220703,
          -7.981029987335205,
          1.0
        ]
      ],
      "space": "d3d11"
    },
    {
      "index": 14,
      "name": "R_UpEar",
      "parent": "Head_scale_null",
      "world_matrix": [
        [
          4.371138118131057e-08,
          0.9999999403953552,
          -1.8072396606571423e-15,
          0.0
        ],
        [
          0.9999999403953552,
          -4.371138473402425e-08,
          7.936549195619591e-10,
          0.0
        ],
        [
          7.936549195619591e-10,
          -3.5527132552840273e-15,
          -1.0,
          0.0
        ],
        [
          -7.830997943878174,
          174.0070037841797,
          -0.9006789922714233,
          1.0
        ]
      ],
      "space": "d3d11"
    },
    {
      "index": 15,
      "name": "R_LowEar",
      "parent": "Head_scale_null",
      "world_matrix": [
        [
          4.371138118131057e-08,
          0.9999999403953552,
          -1.8072396606571423e-15,
          0.0
        ],
        [
          0.9999999403953552,
          -4.371138473402425e-08,
          7.936549195619591e-10,
          0.0
        ],
        [
          7.936549195619591e-10,
          -3.5527132552840273e-15,
          -1.0,
          0.0
        ],
        [
          -6.373867988586426,
          168.38099670410156,
          -1.246690034866333,
          1.0
        ]
      ],
      "space": "d3d11"
    },
    {
      "index": 16,
      "name": "R_LowChin2",
      "parent": "Head_scale_null",
      "world_matrix": [
        [
          4.371138118131057e-08,
          0.9999999403953552,
          -1.8072396606571423e-15,
          0.0
        ],
        [
          0.9999999403953552,
          -4.371138473402425e-08,
          7.936549195619591e-10,
          0.0
        ],
        [
          7.936549195619591e-10,
          -3.5527132552840273e-15,
          -1.0,
          0.0
        ],
        [
          -6.457458019256592,
          167.07000732421875,
          -2.917220115661621,
          1.0
        ]
      ],
      "space": "d3d11"
    },
    {
      "index": 17,
      "name": "R_LowChin1",
      "parent": "Head_scale_null",
      "world_matrix": [
        [
          4.371137762859689e-08,
          0.9999999403953552,
          -1.8072394488989054e-15,
          0.0
        ],
        [
          0.9999999403953552,
          -4.371138118131057e-08,
          7.936584722756379e-10,
          0.0
        ],
        [
          7.936584722756379e-10,
          -3.5527132552840273e-15,
          -1.0,
          0.0
        ],
        [
          -4.0625481605529785,
          163.4770050048828,
          -6.56702995300293,
          1.0
        ]
      ],
      "space": "d3d11"
    },
    {
      "index": 18,
      "name": "R_UpChin1",
      "parent": "Head_scale_null",
      "world_matrix": [
        [
          0.20016968250274658,
          0.8567619919776917,
          -0.47527986764907837,
          0.0
        ],
        [
          0.7250139117240906,
          0.1967567652463913,
          0.6600316166877747,
          0.0
        ],
        [
          0.6590043306350708,
          -0.4767027795314789,
          -0.5817798376083374,
          0.0
        ],
        [
          -2.6851277351379395,
          164.6473846435547,
          -9.985430717468262,
          1.0
        ]
      ],
      "space": "d3d11"
    },
    {
      "index": 19,
      "name": "R_DoubleEyelid4",
      "parent": "Head_scale_null",
      "world_matrix": [
        [
          -3.256751684942139e-16,
          0.9999999403953552,
          7.450580596923828e-09,
          0.0
        ],
        [
          0.803521990776062,
          -5.239697107320635e-16,
          0.5952750444412231,
          0.0
        ],
        [
          0.5952749252319336,
          2.9802315282267955e-08,
          -0.8035220503807068,
          0.0
        ],
        [
          -5.090303421020508,
          173.5469970703125,
          -8.905308723449707,
          1.0
        ]
      ],
      "space": "d3d11"
    },
    {
      "index": 20,
      "name": "R_DoubleEyelid3",
      "parent": "Head_scale_null",
      "world_matrix": [
        [
          1.1920928244535389e-07,
          0.9999999403953552,
          -7.450579886381092e-08,
          0.0
        ],
        [
          0.7170443534851074,
          -8.940696005765858e-08,
          0.6970275044441223,
          0.0
        ],
        [
          0.6970275044441223,
          -4.836531023767743e-15,
          -0.717044472694397,
          0.0
        ],
        [
          -4.456611156463623,
          173.72799682617188,
          -9.713099479675293,
          1.0
        ]
      ],
      "space": "d3d11"
    },
    {
      "index": 21,
      "name": "R_DoubleEyelid2",
      "parent": "Head_scale_null",
      "world_matrix": [
        [
          -1.4901162970204496e-08,
          0.9999998807907104,
          5.587935447692871e-08,
          0.0
        ],
        [
          0.22700491547584534,
          -4.656612162534657e-08,
          0.9738934636116028,
          0.0
        ],
        [
          0.9738935232162476,
          -4.004803961870328e-15,
          -0.22700485587120056,
          0.0
        ],
        [
          -3.6252636909484863,
          173.85299682617188,
          -10.313490867614746,
          1.0
        ]
      ],
      "space": "d3d11"
    },
    {
      "index": 22,
      "name": "R_DoubleEyelid1",
      "parent": "Head_scale_null",
      "world_matrix": [
        [
          -2.980232594040899e-08,
          1.0,
          1.1734664440155029e-07,
          0.0
        ],
        [
          -0.1530832052230835,
          -1.0174698417131367e-07,
          0.9882134199142456,
          0.0
        ],
        [
          0.9882133603096008,
          1.4901157641133977e-08,
          0.15308313071727753,
          0.0
        ],
        [
          -2.4701521396636963,
          173.656005859375,
          -10.465970993041992,
          1.0
        ]
      ],
      "space": "d3d11"
    },
    {
      "index": 23,
      "name": "R_CheekLine2",
      "parent": "Head_scale_null",
      "world_matrix": [
        [
          0.020599495619535446,
          0.9567604660987854,
          -0.29014676809310913,
          0.0
        ],
        [
          0.7944117784500122,
          0.16053904592990875,
          0.585779070854187,
          0.0
        ],
        [
          0.6070300340652466,
          -0.24256278574466705,
          -0.7567548751831055,
          0.0
        ],
        [
          -3.3461527824401855,
          165.7609405517578,
          -9.858785629272461,
          1.0
        ]
      ],
      "space": "d3d11"
    },
    {
      "index": 24,
      "name": "R_CheekLine1",
      "parent": "Head_scale_null",
      "world_matrix": [
        [
          -0.5291178822517395,
          0.817649245262146,
          0.22690032422542572,
          0.0
        ],
        [
          0.526780366897583,
          0.10688477009534836,
          0.8432543277740479,
          0.0
        ],
        [
          0.6652341485023499,
          0.5657075047492981,
          -0.4872762858867645,
          0.0
        ],
        [
          -3.045858383178711,
          167.85006713867188,
          -10.133157730102539,
          1.0
        ]
      ],
      "space": "d3d11"
    },
    {
      "index": 25,
      "name": "R_Cheek8",
      "parent": "Head_scale_null",
      "world_matrix": [
        [
          0.08438855409622192,
          0.9787970781326294,
          -0.18664094805717468,
          0.0
        ],
        [
          0.9111858010292053,
          1.6093252952487092e-06,
          0.4119955003261566,
          0.0
        ],
        [
          0.4032602906227112,
          -0.2048322707414627,
          -0.8918659687042236,
          0.0
        ],
        [
          -5.737586498260498,
          169.81210327148438,
          -8.254448890686035,
          1.0
        ]
      ],
      "space": "d3d11"
    },
    {
      "index": 26,
      "name": "R_Cheek7",
      "parent": "Head_scale_null",
      "world_matrix": [
        [
          -0.1854565590620041,
          0.9631580114364624,
          0.19476227462291718,
          0.0
        ],
        [
          0.3989108204841614,
          -0.10734116286039352,
          0.9106855988502502,
          0.0
        ],
        [
          0.8980400562286377,
          0.24658536911010742,
          -0.3643070459365845,
          0.0
        ],
        [
          -2.7413973808288574,
          169.9426727294922,
          -10.382184028625488,
          1.0
        ]
      ],
      "space": "d3d11"
    },
    {
      "index": 27,
      "name": "R_Cheek6",
      "parent": "Head_scale_null",
      "world_matrix": [
        [
          0.09405666589736938,
          0.9787418246269226,
          -0.1822575479745865,
          0.0
        ],
        [
          0.92246413230896,
          -0.016821829602122307,
          0.38571619987487793,
          0.0
        ],
        [
          0.3744506239891052,
          -0.20440511405467987,
          -0.904436469078064,
          0.0
        ],
        [
          -6.485188961029053,
          171.3335418701172,
          -7.163672924041748,
          1.0
        ]
      ],
      "space": "d3d11"
    },
    {
      "index": 28,
      "name": "R_Cheek5",
      "parent": "Head_scale_null",
      "world_matrix": [
        [
          4.371137762859689e-08,
          0.9999999403953552,
          -1.8072394488989054e-15,
          0.0
        ],
        [
          0.9999999403953552,
          -4.371138118131057e-08,
          7.936584722756379e-10,
          0.0
        ],
        [
          7.936584722756379e-10,
          -3.5527132552840273e-15,
          -1.0,
          0.0
        ],
        [
          -6.995337963104248,
          170.9499969482422,
          -3.950010061264038,
          1.0
        ]
      ],
      "space": "d3d11"
    },
    {
      "index": 29,
      "name": "R_Cheek4",
      "parent": "Head_scale_null",
      "world_matrix": [
        [
          -0.11121351271867752,
          0.9418438076972961,
          -0.3171149492263794,
          0.0
        ],
        [
          0.8928820490837097,
          0.2347998172044754,
          0.3842273950576782,
          0.0
        ],
        [
          0.4363405704498291,
          -0.2404147982597351,
          -0.8670685291290283,
          0.0
        ],
        [
          -5.513458728790283,
          167.8802490234375,
          -7.047865867614746,
          1.0
        ]
      ],
      "space": "d3d11"
    },
    {
      "index": 30,
      "name": "R_Cheek3",
      "parent": "Head_scale_null",
      "world_matrix": [
        [
          0.1598820835351944,
          0.9795870780944824,
          0.1218472495675087,
          0.0
        ],
        [
          0.47431421279907227,
          -0.18448729813098907,
          0.8608080744743347,
          0.0
        ],
        [
          0.865715742111206,
          -0.07983382791280746,
          -0.49412837624549866,
          0.0
        ],
        [
          -4.269279956817627,
          171.23074340820312,
          -9.551412582397461,
          1.0
        ]
      ],
      "space": "d3d11"
    },
    {
      "index": 31,
      "name": "R_Cheek2",
      "parent": "Head_scale_null",
      "world_matrix": [
        [
          -0.0008514092187397182,
          0.9528956413269043,
          -0.30329737067222595,
          0.0
        ],
        [
          0.8427419066429138,
          0.16395393013954163,
          0.5127429366111755,
          0.0
        ],
        [
          0.5383172035217285,
          -0.2551647424697876,
          -0.8031847476959229,
          0.0
        ],
        [
          -4.042653560638428,
          166.2086639404297,
          -9.031168937683105,
          1.0
        ]
      ],
      "space": "d3d11"
    },
    {
      "index": 32,
      "name": "R_Cheek1",
      "parent": "Head_scale_null",
      "world_matrix": [
        [
          -0.5291178822517395,
          0.817649245262146,
          0.22690032422542572,
          0.0
        ],
        [
          0.526780366897583,
          0.10688477009534836,
          0.8432543277740479,
          0.0
        ],
        [
          0.6652341485023499,
          0.5657075047492981,
          -0.4872762858867645,
          0.0
        ],
        [
          -3.7472715377807617,
          168.649169921875,
          -9.822540283203125,
          1.0
        ]
      ],
      "space": "d3d11"
    },
    {
      "index": 33,
      "name": "R_LowEyelid5",
      "parent": "Head_scale_null",
      "world_matrix": [
        [
          -7.264315371457997e-08,
          0.9999999403953552,
          -3.175333183986161e-15,
          0.0
        ],
        [
          -0.7660439610481262,
          -5.9604641222676946e-08,
          -0.6427881121635437,
          0.0
        ],
        [
          -0.6427879333496094,
          2.980232594040899e-08,
          0.7660439610481262,
          0.0
        ],
        [
          -4.453620910644531,
          173.3260040283203,
          -9.254854202270508,
          1.0
        ]
      ],
      "space": "d3d11"
    },
    {
      "index": 34,
      "name": "R_LowEyelid4",
      "parent": "Head_scale_null",
      "world_matrix": [
        [
          0.13418492674827576,
          0.8947340250015259,
          -0.42596399784088135,
          0.0
        ],
        [
          -0.7312077879905701,
          -0.20072166621685028,
          -0.6519555449485779,
          0.0
        ],
        [
          -0.6688268780708313,
          0.3989507853984833,
          0.6273026466369629,
          0.0
        ],
        [
          -4.235222816467285,
          173.10203552246094,
          -9.508794784545898,
          1.0
        ]
      ],
      "space": "d3d11"
    },
    {
      "index": 35,
      "name": "R_SubLowEyelid4",
      "parent": "R_LowEyelid4",
      "world_matrix": [
        [
          0.13418510556221008,
          0.894734263420105,
          -0.42596355080604553,
          0.0
        ],
        [
          -0.7312067151069641,
          -0.2007218301296234,
          -0.6519566774368286,
          0.0
        ],
        [
          -0.668828010559082,
          0.3989502787590027,
          0.627301812171936,
          0.0
        ],
        [
          -4.387909412384033,
          172.9304656982422,
          -9.579229354858398,
          1.0
        ]
      ],
      "space": "d3d11"
    },
    {
      "index": 36,
      "name": "R_LowEyelid3",
      "parent": "Head_scale_null",
      "world_matrix": [
        [
          -0.053506236523389816,
          0.9396939873695374,
          -0.33780497312545776,
          0.0
        ],
        [
          -0.2358214259147644,
          -0.3406117558479309,
          -0.9101492762565613,
          0.0
        ],
        [
          -0.9703218936920166,
          0.030963091179728508,
          0.2398248314857483,
          0.0
        ],
        [
          -3.56672739982605,
          172.88504028320312,
          -9.86149787902832,
          1.0
        ]
      ],
      "space": "d3d11"
    },
    {
      "index": 37,
      "name": "R_SubLowEyelid3",
      "parent": "R_LowEyelid3",
      "world_matrix": [
        [
          -0.05350634083151817,
          0.9396939277648926,
          -0.3378051817417145,
          0.0
        ],
        [
          -0.2358214110136032,
          -0.34061199426651,
          -0.9101492166519165,
          0.0
        ],
        [
          -0.9703218936920166,
          0.030963044613599777,
          0.23982484638690948,
          0.0
        ],
        [
          -3.57011079788208,
          172.6175537109375,
          -9.986295700073242,
          1.0
        ]
      ],
      "space": "d3d11"
    },
    {
      "index": 38,
      "name": "R_LowEyelid2",
      "parent": "Head_scale_null",
      "world_matrix": [
        [
          0.009413480758666992,
          0.9361163377761841,
          -0.35156452655792236,
          0.0
        ],
        [
          0.26573699712753296,
          -0.3412799835205078,
          -0.9016163945198059,
          0.0
        ],
        [
          -0.9639997482299805,
          -0.08493634313344955,
          -0.25197353959083557,
          0.0
        ],
        [
          -2.644798517227173,
          172.88038635253906,
          -9.86628532409668,
          1.0
        ]
      ],
      "space": "d3d11"
    },
    {
      "index": 39,
      "name": "R_SubLowEyelid2",
      "parent": "R_LowEyelid2",
      "world_matrix": [
        [
          0.009413547813892365,
          0.9361163377761841,
          -0.35156458616256714,
          0.0
        ],
        [
          0.26573705673217773,
          -0.3412800431251526,
          -0.9016163349151611,
          0.0
        ],
        [
          -0.9639997482299805,
          -0.08493630588054657,
          -0.25197362899780273,
          0.0
        ],
        [
          -2.5624186992645264,
          172.6615447998047,
          -10.023030281066895,
          1.0
        ]
      ],
      "space": "d3d11"
    },
    {
      "index": 40,
      "name": "R_LowEyelid1",
      "parent": "Head_scale_null",
      "world_matrix": [
        [
          -3.735925634742185e-15,
          0.9999999403953552,
          -7.70852182085946e-08,
          0.0
        ],
        [
          -4.212407844761401e-08,
          -7.70852182085946e-08,
          -1.0,
          0.0
        ],
        [
          -0.9999998807907104,
          3.2840555802386446e-15,
          4.212407134218665e-08,
          0.0
        ],
        [
          -1.9834187030792236,
          172.8939971923828,
          -9.761130332946777,
          1.0
        ]
      ],
      "space": "d3d11"
    },
    {
      "index": 41,
      "name": "R_UpEyelid5",
      "parent": "Head_scale_null",
      "world_matrix": [
        [
          8.940695295223122e-08,
          0.9999998807907104,
          1.4901161193847656e-07,
          0.0
        ],
        [
          0.7660439610481262,
          -1.4901159772762185e-07,
          0.6427881121635437,
          0.0
        ],
        [
          0.6427879929542542,
          -4.8324864414446035e-15,
          -0.766044020652771,
          0.0
        ],
        [
          -4.372986793518066,
          173.5399932861328,
          -9.396267890930176,
          1.0
        ]
      ],
      "space": "d3d11"
    },
    {
      "index": 42,
      "name": "R_UpEyelid4",
      "parent": "Head_scale_null",
      "world_matrix": [
        [
          -0.14780448377132416,
          0.9889917969703674,
          -0.006986486725509167,
          0.0
        ],
        [
          0.6037719249725342,
          0.09582402557134628,
          0.7913765907287598,
          0.0
        ],
        [
          0.7833345532417297,
          0.11275070160627365,
          -0.6112887859344482,
          0.0
        ],
        [
          -4.1190290451049805,
          173.60972595214844,
          -9.668068885803223,
          1.0
        ]
      ],
      "space": "d3d11"
    },
    {
      "index": 43,
      "name": "R_UpEyelid3",
      "parent": "Head_scale_null",
      "world_matrix": [
        [
          -0.01983632892370224,
          0.9925504922866821,
          -0.12020837515592575,
          0.0
        ],
        [
          0.20696286857128143,
          0.12170419096946716,
          0.9707494378089905,
          0.0
        ],
        [
          0.9781476855278015,
          -0.005622565280646086,
          -0.20783540606498718,
          0.0
        ],
        [
          -3.4675843715667725,
          173.6941680908203,
          -10.016507148742676,
          1.0
        ]
      ],
      "space": "d3d11"
    },
    {
      "index": 44,
      "name": "R_UpEyelid2",
      "parent": "Head_scale_null",
      "world_matrix": [
        [
          0.34225621819496155,
          0.9385721683502197,
          -0.04407775402069092,
          0.0
        ],
        [
          -0.1356913149356842,
          0.09579093009233475,
          0.9861094951629639,
          0.0
        ],
        [
          0.9297572374343872,
          -0.331521213054657,
          0.1601410061120987,
          0.0
        ],
        [
          -2.566772937774658,
          173.51766967773438,
          -10.042854309082031,
          1.0
        ]
      ],
      "space": "d3d11"
    },
    {
      "index": 45,
      "name": "R_UpEyelid1",
      "parent": "Head_scale_null",
      "world_matrix": [
        [
          -3.3001174425009543e-15,
          0.9999999403953552,
          7.549790126404332e-08,
          0.0
        ],
        [
          -4.371138118131057e-08,
          -7.549789415861596e-08,
          1.0,
          0.0
        ],
        [
          0.9999999403953552,
          -3.2840555802386446e-15,
          4.371138473402425e-08,
          0.0
        ],
        [
          -1.858898639678955,
          173.0260009765625,
          -9.833720207214355,
          1.0
        ]
      ],
      "space": "d3d11"
    },
    {
      "index": 46,
      "name": "R_Forehead2",
      "parent": "Head_scale_null",
      "world_matrix": [
        [
          5.662440685227921e-07,
          0.9999999403953552,
          3.054738328955864e-07,
          0.0
        ],
        [
          0.8499295115470886,
          -6.55651035685878e-07,
          0.5268964171409607,
          0.0
        ],
        [
          0.5268963575363159,
          1.4901155864777138e-08,
          -0.8499295711517334,
          0.0
        ],
        [
          -5.3572211265563965,
          176.51600646972656,
          -8.20949649810791,
          1.0
        ]
      ],
      "space": "d3d11"
    },
    {
      "index": 47,
      "name": "R_Forehead1",
      "parent": "Head_scale_null",
      "world_matrix": [
        [
          5.9604641222676946e-08,
          0.9999999403953552,
          -7.450577932388569e-09,
          0.0
        ],
        [
          0.4845011532306671,
          -1.0430812125150624e-07,
          0.874790608882904,
          0.0
        ],
        [
          0.874790608882904,
          -4.59415551052624e-15,
          -0.48450127243995667,
          0.0
        ],
        [
          -3.362274169921875,
          177.19400024414062,
          -10.160237312316895,
          1.0
        ]
      ],
      "space": "d3d11"
    },
    {
      "index": 48,
      "name": "R_Brow4",
      "parent": "Head_scale_null",
      "world_matrix": [
        [
          8.046626476243546e-07,
          0.9999999403953552,
          2.2444876890403975e-07,
          0.0
        ],
        [
          0.91814124584198,
          -8.344649700120499e-07,
          0.3962532579898834,
          0.0
        ],
        [
          0.3962532579898834,
          -4.563210432347725e-15,
          -0.9181413054466248,
          0.0
        ],
        [
          -5.767063617706299,
          174.56300354003906,
          -8.212820053100586,
          1.0
        ]
      ],
      "space": "d3d11"
    },
    {
      "index": 49,
      "name": "R_SubBrow4",
      "parent": "R_Brow4",
      "world_matrix": [
        [
          7.863974360589054e-08,
          0.9999999403953552,
          -8.888960678632429e-08,
          0.0
        ],
        [
          0.9181413054466248,
          -4.3712077513191616e-08,
          0.39625319838523865,
          0.0
        ],
        [
          0.39625316858291626,
          6.212668861348483e-14,
          -0.9181413054466248,
          0.0
        ],
        [
          -5.62994909286499,
          174.75599670410156,
          -8.530525207519531,
          1.0
        ]
      ],
      "space": "d3d11"
    },
    {
      "index": 50,
      "name": "R_Brow3",
      "parent": "Head_scale_null",
      "world_matrix": [
        [
          5.960463909104874e-07,
          1.0,
          3.7252905826790084e-07,
          0.0
        ],
        [
          0.8036971688270569,
          -7.152556804612686e-07,
          0.595038652420044,
          0.0
        ],
        [
          0.5950385332107544,
          -4.809445451213392e-15,
          -0.8036972284317017,
          0.0
        ],
        [
          -5.0310282707214355,
          174.76100158691406,
          -9.67409896850586,
          1.0
        ]
      ],
      "space": "d3d11"
    },
    {
      "index": 51,
      "name": "R_SubBrow3",
      "parent": "R_Brow3",
      "world_matrix": [
        [
          5.632801958199707e-08,
          1.0,
          -2.706562440835114e-08,
          0.0
        ],
        [
          0.8036964535713196,
          -4.3711395392165286e-08,
          0.5950396656990051,
          0.0
        ],
        [
          0.5950395464897156,
          9.393858304077018e-14,
          -0.8036965131759644,
          0.0
        ],
        [
          -5.2623491287231445,
          174.76100158691406,
          -9.84536361694336,
          1.0
        ]
      ],
      "space": "d3d11"
    },
    {
      "index": 52,
      "name": "R_Brow2",
      "parent": "Head_scale_null",
      "world_matrix": [
        [
          2.9802317058624794e-08,
          0.9999999403953552,
          6.705522537231445e-08,
          0.0
        ],
        [
          0.34219294786453247,
          -7.823108916227284e-08,
          0.9396296143531799,
          0.0
        ],
        [
          0.9396296143531799,
          -4.301509862414616e-15,
          -0.34219297766685486,
          0.0
        ],
        [
          -3.0856637954711914,
          174.36500549316406,
          -11.205268859863281,
          1.0
        ]
      ],
      "space": "d3d11"
    },
    {
      "index": 53,
      "name": "R_SubBrow2",
      "parent": "R_Brow2",
      "world_matrix": [
        [
          1.7989906453408366e-08,
          0.9999999403953552,
          3.46194823919177e-08,
          0.0
        ],
        [
          0.34219294786453247,
          -4.371138118131057e-08,
          0.9396296143531799,
          0.0
        ],
        [
          0.9396296143531799,
          4.336241601383831e-15,
          -0.34219297766685486,
          0.0
        ],
        [
          -3.2264068126678467,
          174.36500549316406,
          -11.591739654541016,
          1.0
        ]
      ],
      "space": "d3d11"
    },
    {
      "index": 54,
      "name": "R_Brow1",
      "parent": "Head_scale_null",
      "world_matrix": [
        [
          -3.699466372077045e-15,
          0.9999998807907104,
          8.463393896818161e-08,
          0.0
        ],
        [
          0.04444822296500206,
          -8.488131442163649e-08,
          0.999011754989624,
          0.0
        ],
        [
          0.9990115165710449,
          3.7252865237036303e-09,
          -0.04444821551442146,
          0.0
        ],
        [
          -1.4215072393417358,
          173.53599548339844,
          -11.49597454071045,
          1.0
        ]
      ],
      "space": "d3d11"
    },
    {
      "index": 55,
      "name": "R_SubBrow1",
      "parent": "R_Brow1",
      "world_matrix": [
        [
          -1.829934648256426e-09,
          0.9999998807907104,
          4.350470916847371e-08,
          0.0
        ],
        [
          0.044448256492614746,
          -4.3711402497592644e-08,
          0.999011754989624,
          0.0
        ],
        [
          0.9990115165710449,
          3.7252894102834944e-09,
          -0.04444824904203415,
          0.0
        ],
        [
          -1.028895616531372,
          173.17599487304688,
          -11.513443946838379,
          1.0
        ]
      ],
      "space": "d3d11"
    },
    {
      "index": 56,
      "name": "R_Temple",
      "parent": "Head_scale_null",
      "world_matrix": [
        [
          2.8759238830389222e-06,
          0.9999999403953552,
          6.88945988258638e-07,
          0.0
        ],
        [
          0.9673311114311218,
          -2.980232011395856e-06,
          0.2535161077976227,
          0.0
        ],
        [
          0.2535160481929779,
          -4.269211649102862e-15,
          -0.9673312306404114,
          0.0
        ],
        [
          -6.950009822845459,
          174.66099548339844,
          -4.712398529052734,
          1.0
        ]
      ],
      "space": "d3d11"
    },
    {
      "index": 57,
      "name": "R_Nose2",
      "parent": "Head_scale_null",
      "world_matrix": [
        [
          -3.3001174425009543e-15,
          0.9999999403953552,
          7.549790126404332e-08,
          0.0
        ],
        [
          -4.371138118131057e-08,
          -7.549789415861596e-08,
          1.0,
          0.0
        ],
        [
          0.9999999403953552,
          -3.2840555802386446e-15,
          4.371138473402425e-08,
          0.0
        ],
        [
          -1.7289886474609375,
          169.13499450683594,
          -10.712300300598145,
          1.0
        ]
      ],
      "space": "d3d11"
    },
    {
      "index": 58,
      "name": "R_Nose1",
      "parent": "Head_scale_null",
      "world_matrix": [
        [
          -0.2813883125782013,
          0.8840644955635071,
          0.37316274642944336,
          0.0
        ],
        [
          0.30969592928886414,
          -0.284400075674057,
          0.9073063135147095,
          0.0
        ],
        [
          0.9082448482513428,
          0.3708723485469818,
          -0.19376425445079803,
          0.0
        ],
        [
          -1.6191285848617554,
          171.5814208984375,
          -10.404972076416016,
          1.0
        ]
      ],
      "space": "d3d11"
    },
    {
      "index": 59,
      "name": "L_UpEar",
      "parent": "Head_scale_null",
      "world_matrix": [
        [
          -4.371138118131057e-08,
          -0.9999999403953552,
          -1.8766233057402942e-15,
          0.0
        ],
        [
          0.9999999403953552,
          -4.371138473402425e-08,
          7.936584722756379e-10,
          0.0
        ],
        [
          -7.936584722756379e-10,
          3.5527132552840273e-15,
          1.0,
          0.0
        ],
        [
          7.831000804901123,
          174.0070037841797,
          -0.9006580114364624,
          1.0
        ]
      ],
      "space": "d3d11"
    },
    {
      "index": 60,
      "name": "L_LowEar",
      "parent": "Head_scale_null",
      "world_matrix": [
        [
          -4.371138118131057e-08,
          -0.9999999403953552,
          -1.8766233057402942e-15,
          0.0
        ],
        [
          0.9999999403953552,
          -4.371138473402425e-08,
          7.936584722756379e-10,
          0.0
        ],
        [
          -7.936584722756379e-10,
          3.5527132552840273e-15,
          1.0,
          0.0
        ],
        [
          6.373870849609375,
          168.38099670410156,
          -1.2466700077056885,
          1.0
        ]
      ],
      "space": "d3d11"
    },
    {
      "index": 61,
      "name": "L_LowChin2",
      "parent": "Head_scale_null",
      "world_matrix": [
        [
          -4.371138118131057e-08,
          -0.9999999403953552,
          -1.8766233057402942e-15,
          0.0
        ],
        [
          0.9999999403953552,
          -4.371138473402425e-08,
          7.936549195619591e-10,
          0.0
        ],
        [
          -7.936549195619591e-10,
          3.5527132552840273e-15,
          1.0,
          0.0
        ],
        [
          6.457460880279541,
          167.07000732421875,
          -2.9172000885009766,
          1.0
        ]
      ],
      "space": "d3d11"
    },
    {
      "index": 62,
      "name": "L_LowChin1",
      "parent": "Head_scale_null",
      "world_matrix": [
